1
511
3
4,0663424
72,00813
8,908134
1
718
6
5,018467
6,4296484
67,01293
88,1321
37,276234
1,8278658
1
138
2
93,11108
48,932045
1
715
4
4,97486
46,50802
15,526056
60,713226
1
699
14
23,139107
90,34261
88,62728
83,360466
62,27593
11,418354
11,878305
95,23382
76,11542
38,808666
19,602615
40,006714
9,812296
13,791305
1
518
5
53,36312
65,59048
72,82266
74,32171
90,11584
1
616
8
75,61424
90,90265
53,47463
22,64498
59,766018
37,47615
82,0575
68,85895
1
658
15
68,831406
45,221603
0,58251023
18,340916
59,171272
48,48169
63,68817
95,35404
95,84433
57,55878
72,34417
69,10704
7,0154486
11,268395
62,444794
1
728
6
98,05351
19,374508
69,89629
91,58988
10,937559
82,61511
1
811
4
8,458871
4,7224464
25,815111
17,013954
1
136
6
27,132797
56,382233
73,03057
0,6584585
36,280174
66,610756
1
457
1
15,931016
1
959
4
28,069204
7,698548
58,255978
9,818292
1
97
15
99,96699
63,83472
1,6627371
5,123025
85,08844
56,31622
55,06696
31,119473
61,416412
47,49578
14,556789
44,460487
11,995363
8,2433405
95,58974
1
537
13
76,05684
0,60762763
98,393036
50,72705
63,296326
65,572266
85,00517
46,270473
39,657192
45,747124
26,378738
42,062004
50,38252
1
456
6
7,934576
37,166637
80,631065
41,93086
32,13484
22,466415
1
409
10
95,24863
55,188232
76,061485
98,8314
41,85593
9,44618
29,444456
23,598772
39,505184
74,09105
1
902
6
93,29297
72,60391
67,35552
95,1275
10,35164
47,157322
1
40
10
74,951035
21,41136
83,32475
34,32964
58,8399
0,97950697
49,142838
29,674137
99,07936
63,3363
1
353
5
87,20868
47,91836
35,57754
75,02389
28,44907
1
706
15
75,36739
11,173177
84,73398
81,959114
98,40969
27,487982
36,41371
27,766842
16,336458
72,00035
75,427536
25,638412
24,597216
23,22448
33,8352
1
220
12
50,27738
80,882164
10,021204
6,0982466
45,18439
45,000343
10,043943
55,76995
31,034296
3,0673146
55,320858
71,56454
1
949
11
2,6550233
94,27013
70,76119
57,3717
78,08444
36,710423
28,038048
9,812766
98,89266
64,5815
20,863956
1
474
4
53,365303
26,798857
98,35035
18,085789
1
654
11
48,86376
40,480907
62,589256
33,272053
35,933323
5,7612476
5,5011215
71,84128
58,517857
70,09915
73,742065
1
653
7
27,766968
82,18736
59,709347
9,103954
44,892525
12,977904
54,87098
1
248
12
56,474567
22,993792
4,3017807
64,27101
71,844986
89,05257
98,4079
92,74604
1,8966973
93,69101
53,94876
94,450645
1
943
14
55,487514
29,536789
22,173435
71,11681
1,6100347
94,419464
20,517176
90,29591
10,106188
4,550135
49,144184
60,243954
12,625635
4,177636
1
609
3
33,24815
57,18071
0,36990047
1
172
9
30,972744
61,96415
82,688354
8,905721
2,777189
25,372791
66,52923
29,804867
92,78612
1
157
6
30,572998
11,942178
5,1290274
56,478355
97,55
29,986387
1
363
15
56,414692
50,212776
20,698666
24,140335
86,06134
75,85153
88,02632
89,64774
68,169235
75,512535
73,77181
49,79995
32,101746
84,57086
5,1462946
1
29
15
0,23819208
24,42949
91,6494
29,304277
51,373608
43,3643
53,084213
10,541076
12,442308
9,562129
6,1981916
7,2719393
23,590797
21,56825
18,772501
1
846
3
19,158298
48,75127
34,75315
1
260
6
85,5738
74,71595
95,85924
37,070667
97,56212
54,69634
4
3
537
2
50,121773
28,174664
3
456
13
97,12431
74,90926
78,058014
90,270805
71,76662
72,16902
18,493568
44,753147
25,38932
20,40723
10,850066
99,15486
34,889828
3
456
3
34,28434
33,81352
45,667355
3
949
6
95,84254
40,12112
20,078337
94,08039
90,32894
95,94171
3
616
5
2,7827442
21,85918
37,267525
81,279755
91,45871
4
9
